40
  1      0.0   -57.52
  1      5.0   -57.52
  1     10.0   -57.52
  1     15.0   -57.52
  1     20.0   -59.00
  1     30.0   -67.00
  1     40.0   -75.00
  1     50.0   -77.00
  1     60.0   -78.00
  1     70.0   -77.00
  1     80.0   -75.00
  1     90.0   -67.00
  1    100.0   -59.00
  1    105.0   -57.52
  1    110.0   -57.52
  1    120.0   -57.52
  1    130.0   -57.52
  1    140.0   -57.52
  1    150.0   -57.52
  1    160.0   -57.52
  1    170.0   -57.52
  1    180.0   -57.52
  1    190.0   -57.52   
  1    200.0   -57.52
  1    210.0   -57.52
  1    220.0   -57.52
  1    230.0   -57.52
  1    240.0   -57.52
  1    250.0   -57.52
  1    260.0   -57.52
  1    270.0   -57.52
  1    280.0   -57.52
  1    290.0   -57.52
  1    300.0   -57.52
  1    310.0   -57.52   
  1    320.0   -57.52
  1    330.0   -57.52
  1    340.0   -57.52
  1    350.0   -57.52
  1      0.0   -57.52





